0.165845658181, 0.668308683639, 0.165845658181, 0, Decreased
0.103091215671, 0.793817568659, 0.103091215671, 0, Decreased
0.0884658215108, 0.823068356978, 0.0884658215108, 0, Decreased
0.0884658215108, 0.823068356978, 0.0884658215108, 0, Decreased
0.0199459137821, 0.1855728032, 0.794481283018, 0, Decreased
0.0130008829633, 0.120957621793, 0.866041495244, 0, Decreased
0.00944561663079, 0.0878801330072, 0.902674250362, 0, Decreased
0.00727519598632, 0.0676869722668, 0.925037831747, 0, Decreased
0.519557578181, 0.376569511911, 0.103872909908, 0, Decreased
0.310068620574, 0.318914952355, 0.371016427071, 0, Decreased
0.128370351372, 0.132032788148, 0.73959686048, 0, Decreased
0.0945998201198, 0.0972987755756, 0.808101404305, 0, Decreased
0.0788400031904, 0.0810893273062, 0.840070669503, 0, Decreased
0.069823767256, 0.0718158560078, 0.858360376736, 0, Decreased
0.0640996230773, 0.0659284006289, 0.869971976294, 0, Decreased
0.0602297316626, 0.0619481002882, 0.877822168049, 0, Decreased
0.099320072292, 0.102153697669, 0.798526230039, 0, Decreased
0.127269352312, 0.130900377322, 0.741830270366, 0, Decreased
0.139743408525, 0.143730321337, 0.716526270138, 0, Decreased
0.143954723978, 0.148061786626, 0.707983489396, 0, Decreased
0.145220689079, 0.149363870013, 0.705415440908, 0, Decreased
0.14558692917, 0.149740559021, 0.704672511808, 0, Decreased
0.14569167383, 0.149848292071, 0.704460034099, 0, Decreased
0.145721531792, 0.149879001889, 0.704399466319, 0, Decreased
0.385422305444, 0.321008109396, 0.293569585161, 0, Decreased
0.348621985908, 0.283272416699, 0.368105597392, 0, Decreased
0.1400121217, 0.113766697696, 0.746221180604, 0, Decreased
0.0996404390779, 0.0809627307498, 0.819396830172, 0, Decreased
0.0804556604342, 0.0653741596616, 0.854170179904, 0, Decreased
0.0692320230697, 0.0562544052889, 0.874513571641, 0, Decreased
0.061911844403, 0.0503064020493, 0.887781753548, 0, Decreased
0.0568045889831, 0.0461565071948, 0.897038903822, 0, Decreased
0.396584337822, 0.364178095033, 0.239237567146, 0, Decreased
0.296459702576, 0.290785091892, 0.412755205533, 0, Decreased
0.346913640865, 0.310343625867, 0.342742733268, 0, Decreased
0.325429649546, 0.306585503447, 0.367984847007, 0, Decreased
0.152236086865, 0.143420789714, 0.70434312342, 0, Decreased
0.132139956193, 0.124488334272, 0.743371709535, 0, Decreased
0.124763559481, 0.117539071036, 0.757697369483, 0, Decreased
0.121636350844, 0.114592944782, 0.763770704374, 0, Decreased
0.349881995793, 0.468342828038, 0.181775176169, 1, Improved
0.329989193687, 0.31222358019, 0.357787226123, 1, Improved
0.31974287312, 0.333534830753, 0.346722296128, 1, Improved
0.0587867652337, 0.467901043082, 0.473312191685, 1, Improved
0.0311061900556, 0.24758325646, 0.721310553484, 1, Improved
0.0254851665775, 0.20284388803, 0.771670945393, 1, Improved
0.0231113584997, 0.183950055868, 0.792938585632, 1, Improved
0.0219219489728, 0.174483197876, 0.803594853151, 1, Improved
0.515499424124, 0.322080082184, 0.162420493692, 1, Improved
0.30573408509, 0.302674912948, 0.391591001962, 1, Improved
0.133407127708, 0.132072257346, 0.734520614946, 1, Improved
0.101080745539, 0.100069332628, 0.798849921833, 1, Improved
0.0862814732536, 0.0854181417107, 0.828300385036, 1, Improved
0.0780213571967, 0.0772406762909, 0.844737966512, 1, Improved
0.0729320326176, 0.0722022754418, 0.854865691941, 1, Improved
0.0696091606785, 0.0689126521255, 0.861478187196, 1, Improved
0.0859900167515, 0.0851296015193, 0.828880381729, 1, Improved
0.0976410879275, 0.0966640921958, 0.805694819877, 1, Improved
0.104739168849, 0.103691149791, 0.79156968136, 1, Improved
0.108645727515, 0.107558619472, 0.783795653012, 1, Improved
0.110672501116, 0.109565113196, 0.779762385688, 1, Improved
0.11169122407, 0.110573642819, 0.77773513311, 1, Improved
0.112195026245, 0.111072403954, 0.776732569801, 1, Improved
0.369824642226, 0.382639794835, 0.247535562939, 1, Improved
0.324760833307, 0.290293687715, 0.384945478979, 1, Improved
0.149409839533, 0.133552845203, 0.717037315264, 1, Improved
0.122516677972, 0.10951387793, 0.767969444098, 1, Improved
0.111383665046, 0.0995624212079, 0.789053913746, 1, Improved
0.105899876943, 0.0946606322357, 0.799439490822, 1, Improved
0.10298328833, 0.0920535836721, 0.804963127998, 1, Improved
0.378516544565, 0.399338753723, 0.222144701713, 1, Improved
0.365899106326, 0.311000471709, 0.323100421966, 1, Improved
0.356099305242, 0.336632871684, 0.307267823074, 1, Improved
0.28814873974, 0.351871595052, 0.359979665209, 1, Improved
0.117949570933, 0.144033611591, 0.738016817476, 1, Improved
0.0875629311524, 0.106927097026, 0.805509971822, 1, Improved
0.0734573451898, 0.0897021213544, 0.836840533456, 1, Improved
0.0654387629926, 0.0799102641686, 0.854650972839, 1, Improved
0.446881310771, 0.404964163411, 0.148154525818, 2, Improved
0.336131538054, 0.263933458213, 0.399935003734, 2, Improved
0.16468618615, 0.129313050724, 0.706000763126, 2, Improved
0.141160072238, 0.110840137891, 0.747999789871, 2, Improved
0.132311445287, 0.103892117704, 0.763796437009, 2, Improved
0.12843501951, 0.100848313881, 0.770716666609, 2, Improved
0.12663150042, 0.0994321747316, 0.773936324848, 2, Improved
0.125769498952, 0.0987553235505, 0.775475177498, 2, Improved
0.122242739124, 0.0959860805242, 0.781771180352, 2, Improved
0.120499313357, 0.0946171271842, 0.784883559459, 2, Improved
0.119616224859, 0.093923718281, 0.78646005686, 2, Improved
0.119163448587, 0.0935681943455, 0.787268357067, 2, Improved
0.118929860689, 0.0933847790602, 0.787685360251, 2, Improved
0.118808968458, 0.0932898534112, 0.787901178131, 2, Improved
0.118746298408, 0.0932406443333, 0.788013057259, 2, Improved
0.118713782846, 0.093215112826, 0.788071104328, 2, Improved
0.357126408055, 0.404137094393, 0.238736497552, 2, Improved
0.281028615322, 0.332471115825, 0.386500268853, 2, Improved
0.130595020874, 0.15450053818, 0.714904440946, 2, Improved
0.108064750389, 0.127846084649, 0.764089164962, 2, Improved
0.0988908184162, 0.116992857493, 0.784116324091, 2, Improved
0.0944634814942, 0.1117550932, 0.793781425306, 2, Improved
0.0921637760951, 0.109034424989, 0.798801798916, 2, Improved
0.0909247184607, 0.107568556917, 0.801506724622, 2, Improved
0.388405398477, 0.383376893151, 0.228217708372, 2, Improved
0.279457987609, 0.327268838658, 0.393273173734, 2, Improved
0.372867006132, 0.288950967609, 0.338182026259, 2, Improved
0.242591844002, 0.374016914147, 0.383391241851, 2, Improved
0.0973639278331, 0.150111212465, 0.752524859702, 2, Improved
0.0672362363841, 0.103661727601, 0.829102036015, 2, Improved
0.0527508215408, 0.0813287832184, 0.865920395241, 2, Improved
0.0441676129877, 0.0680955882207, 0.887736798792, 2, Improved
0.514723556719, 0.354478155004, 0.130798288277, 3, Improved
0.294606281677, 0.303542470356, 0.401851247967, 3, Improved
0.399757180312, 0.329022044592, 0.271220775096, 3, Improved
0.32184436529, 0.338836203011, 0.339319431699, 3, Improved
0.145283945232, 0.152954240216, 0.701761814553, 3, Improved
0.129005540368, 0.135816413708, 0.735178045924, 3, Improved
0.123302918969, 0.12981272127, 0.746884359761, 3, Improved
0.121034145487, 0.127424167437, 0.751541687076, 3, Improved
0.427937360406, 0.396880379759, 0.175182259835, 4, Improved
0.344323911707, 0.268917313698, 0.386758774595, 4, Improved
0.164928220964, 0.128809102785, 0.706262676251, 4, Improved
0.141444254103, 0.11046810157, 0.748087644328, 4, Improved
0.132603330164, 0.103563331278, 0.763833338558, 4, Improved
0.128729000916, 0.100537476325, 0.770733522758, 4, Improved
0.126926200064, 0.0991294870865, 0.773944312849, 4, Improved
0.126064484956, 0.0984564867397, 0.775479028304, 4, Improved
0.122530503292, 0.0956964435844, 0.781773053123, 4, Improved
0.120783481623, 0.0943320179425, 0.784884500434, 4, Improved
0.119898565261, 0.0936408973931, 0.786460537346, 4, Improved
0.119444850135, 0.0932865454337, 0.787268604431, 4, Improved
0.119210777438, 0.0931037344271, 0.787685488135, 4, Improved
0.119089634185, 0.0930091214273, 0.787901244388, 4, Improved
0.119026833974, 0.0929600744008, 0.788013091625, 4, Improved
0.118994250871, 0.0929346269651, 0.788071122164, 4, Improved
0.356880981769, 0.404397293994, 0.238721724238, 4, Improved
0.281100253529, 0.332397187659, 0.386502558812, 4, Improved
0.130628810078, 0.154466773161, 0.714904416761, 4, Improved
0.108092705086, 0.127818138639, 0.764089156275, 4, Improved
0.0989163981419, 0.116967281754, 0.784116320104, 4, Improved
0.094487915198, 0.111730661518, 0.793781423284, 4, Improved
0.0921876145515, 0.109010587608, 0.798801797841, 4, Improved
0.0909482362135, 0.107545039752, 0.801506724035, 4, Improved
0.388383078753, 0.383398375326, 0.228218545921, 4, Improved
0.279464011617, 0.327263104038, 0.393272884345, 4, Improved
0.37286494257, 0.288952843267, 0.338182214163, 4, Improved
0.24259243854, 0.374016317164, 0.383391244296, 4, Improved
0.0973641667946, 0.150110973399, 0.752524859807, 4, Improved
0.0672364014142, 0.103661562527, 0.829102036058, 4, Improved
0.0527509510207, 0.0813286537143, 0.865920395265, 4, Improved
0.0441677214015, 0.0680954797915, 0.887736798807, 4, Improved
0.514723393438, 0.354478309128, 0.130798297435, 5, Improved
0.294606325629, 0.303542425771, 0.4018512486, 5, Improved
0.399757163869, 0.329022061094, 0.271220775037, 5, Improved
0.321844370284, 0.338836197654, 0.339319432062, 5, Improved
0.14528394758, 0.152954237897, 0.701761814524, 5, Improved
0.129005542445, 0.13581641164, 0.735178045915, 5, Improved
0.123302920952, 0.129812719291, 0.746884359758, 5, Improved
0.121034147432, 0.127424165493, 0.751541687075, 5, Improved
0.427937358831, 0.39688038132, 0.17518225985, 6, Improved
0.344323912104, 0.268917313296, 0.3867587746, 6, Improved
0.164928221155, 0.128809102594, 0.706262676251, 6, Improved
0.141444254267, 0.110468101405, 0.748087644328, 6, Improved
0.132603330318, 0.103563331124, 0.763833338558, 6, Improved
0.128729001066, 0.100537476176, 0.770733522758, 6, Improved
0.126926200212, 0.0991294869391, 0.773944312849, 6, Improved
0.126064485103, 0.0984564865933, 0.775479028304, 6, Improved
0.122530503435, 0.0956964434421, 0.781773053123, 6, Improved
0.120783481763, 0.0943320178023, 0.784884500434, 6, Improved
0.1198985654, 0.0936408972539, 0.786460537346, 6, Improved
0.119444850274, 0.093286545295, 0.787268604431, 6, Improved
0.119210777577, 0.0931037342887, 0.787685488135, 6, Improved
0.119089634323, 0.0930091212889, 0.787901244388, 6, Improved
0.119026834112, 0.0929600742625, 0.788013091625, 6, Improved
0.118994251009, 0.0929346268269, 0.788071122164, 6, Improved
0.356880981648, 0.404397294122, 0.23872172423, 6, Improved
0.281100253564, 0.332397187623, 0.386502558813, 6, Improved
0.130628810095, 0.154466773144, 0.714904416761, 6, Improved
0.1080927051, 0.127818138626, 0.764089156275, 6, Improved
0.0989163981545, 0.116967281742, 0.784116320104, 6, Improved
0.09448791521, 0.111730661506, 0.793781423284, 6, Improved
0.0921876145632, 0.109010587596, 0.798801797841, 6, Improved
0.0909482362251, 0.10754503974, 0.801506724035, 6, Improved
0.388383078742, 0.383398375337, 0.228218545921, 6, Improved
0.279464011619, 0.327263104036, 0.393272884345, 6, Improved
0.372864942569, 0.288952843268, 0.338182214163, 6, Improved
0.24259243854, 0.374016317164, 0.383391244296, 6, Improved
0.0973641667947, 0.150110973398, 0.752524859807, 6, Improved
0.0672364014143, 0.103661562527, 0.829102036058, 6, Improved
0.0527509510208, 0.0813286537142, 0.865920395265, 6, Improved
0.0441677214016, 0.0680954797914, 0.887736798807, 6, Improved
0.514723393438, 0.354478309128, 0.130798297435, 7, Improved
0.294606325629, 0.303542425771, 0.4018512486, 7, Improved
0.399757163869, 0.329022061094, 0.271220775037, 7, Improved
0.321844370284, 0.338836197654, 0.339319432062, 7, Improved
0.14528394758, 0.152954237897, 0.701761814524, 7, Improved
0.129005542445, 0.13581641164, 0.735178045915, 7, Improved
0.123302920952, 0.129812719291, 0.746884359758, 7, Improved
0.427400991588, 0.396247482193, 0.176351526219, 8, Improved
0.344592204334, 0.269191370101, 0.386216425565, 8, Improved
0.164903051386, 0.128820320884, 0.70627662773, 8, Improved
0.141426756476, 0.110480915894, 0.748092327631, 8, Improved
0.132588286526, 0.103576407302, 0.763835306173, 8, Improved
0.128714964555, 0.100550613813, 0.770734421632, 8, Improved
0.126912618697, 0.0991426424641, 0.773944738839, 8, Improved
0.126051118036, 0.0984696482974, 0.775479233667, 8, Improved
0.122517567079, 0.0957092799219, 0.781773152999, 8, Improved
0.120770756952, 0.094344692431, 0.784884550617, 8, Improved
0.119885947397, 0.0936534896318, 0.786460562971, 8, Improved
0.119432286945, 0.0932990954315, 0.787268617623, 8, Improved
0.119198242431, 0.0931162626143, 0.787685494955, 8, Improved
0.119077113757, 0.0930216383215, 0.787901247921, 8, Improved
0.119014321102, 0.0929725854395, 0.788013093458, 8, Improved
0.118981741919, 0.0929471349654, 0.788071123115, 8, Improved
0.356891925968, 0.40438568447, 0.238722389562, 8, Improved
0.281097058857, 0.332400486168, 0.386502454975, 8, Improved
0.130627302885, 0.154468279257, 0.714904417857, 8, Improved
0.10809145815, 0.127819385182, 0.764089156668, 8, Improved
0.0989152571439, 0.116968422572, 0.784116320284, 8, Improved
0.0944868253196, 0.111731751305, 0.793781423376, 8, Improved
0.0921865512247, 0.109011650886, 0.798801797889, 8, Improved
0.387985238743, 0.382987711373, 0.229027049884, 8, Improved
0.279612038717, 0.327423124495, 0.392964836787, 8, Improved
0.372820069379, 0.288910101466, 0.338269829155, 8, Improved
0.24260433804, 0.374030872535, 0.383364789424, 8, Improved
0.0973652123332, 0.150111064038, 0.752523723628, 8, Improved
0.0672370005697, 0.103661435706, 0.829101563724, 8, Improved
0.0527513779678, 0.0813284877267, 0.865920134305, 8, Improved
0.0441680580835, 0.0680953087509, 0.887736633166, 8, Improved
0.514722980265, 0.354478654844, 0.13079836489, 9, Improved
0.294606444274, 0.303542335343, 0.401851220384, 9, Improved
0.399757120555, 0.329022095542, 0.271220783903, 9, Improved
0.321844383651, 0.33883618688, 0.339319429469, 9, Improved
0.145283952942, 0.152954232327, 0.701761814731, 9, Improved
0.129005547265, 0.135816406755, 0.735178045981, 9, Improved
0.123302925576, 0.129812714641, 0.746884359783, 9, Improved
0.427400987893, 0.396247485862, 0.176351526246, 10, Improved
0.344592205267, 0.269191369154, 0.386216425579, 10, Improved
0.164903051837, 0.128820320434, 0.706276627729, 10, Improved
0.141426756862, 0.110480915508, 0.748092327631, 10, Improved
0.132588286888, 0.10357640694, 0.763835306172, 10, Improved
0.128714964906, 0.100550613462, 0.770734421632, 10, Improved
0.126912619044, 0.0991426421175, 0.773944738839, 10, Improved
0.122934888272, 0.0960352857229, 0.781029826005, 10, Improved
0.120980038219, 0.0945081799025, 0.784511781879, 10, Improved
0.119992708975, 0.0937368899347, 0.78627040109, 10, Improved
0.119487223081, 0.0933420103124, 0.787170766607, 10, Improved
0.119226636556, 0.0931384431903, 0.787634920254, 10, Improved
0.119091823145, 0.093033128543, 0.787875048312, 10, Improved
0.119021950305, 0.0929785447038, 0.787999504991, 10, Improved
0.356879702987, 0.404376091139, 0.238744205873, 10, Improved
0.281101811944, 0.332404279572, 0.386493908485, 10, Improved
0.130627650559, 0.154467841298, 0.714904508143, 10, Improved
0.108091765214, 0.127819045687, 0.7640891891, 10, Improved
0.0989155449178, 0.116968119912, 0.78411633517, 10, Improved
0.0944871032669, 0.11173146581, 0.793781430923, 10, Improved
0.0921868239394, 0.109011374155, 0.798801801905, 10, Improved
0.387984981699, 0.382987959927, 0.229027058373, 10, Improved
0.279612108112, 0.327423057986, 0.392964833903, 10, Improved
0.37282004561, 0.288910123194, 0.338269831195, 10, Improved
0.242604344891, 0.374030865617, 0.383364789492, 10, Improved
0.0973652150921, 0.150111061277, 0.752523723631, 10, Improved
0.0672370024752, 0.103661433799, 0.829101563725, 10, Improved
0.0527513794629, 0.081328486231, 0.865920134306, 10, Improved
0.514090627688, 0.349429905652, 0.13647946666, 11, Improved
0.295691558904, 0.306208530423, 0.398099910673, 11, Improved
0.399483029435, 0.328159292837, 0.272357677729, 11, Improved
0.321954142024, 0.339167967067, 0.338877890909, 11, Improved
0.145219197794, 0.152983588859, 0.701797213347, 11, Improved
0.128957877047, 0.135852828978, 0.735189293975, 11, Improved
0.123260490212, 0.12985082168, 0.746888688108, 11, Improved
0.427433653478, 0.396216198661, 0.176350147861, 12, Improved
0.344583832934, 0.269199341898, 0.386216825168, 12, Improved
0.164899158471, 0.128824224172, 0.706276617358, 12, Improved
0.141423414733, 0.110484261118, 0.748092324149, 12, Improved
0.132585152614, 0.103579542677, 0.76383530471, 12, Improved
0.128711921772, 0.100553657264, 0.770734420964, 12, Improved
0.126909618329, 0.0991456431485, 0.773944738522, 12, Improved
0.12293198152, 0.0960381926271, 0.781029825853, 12, Improved
0.120977177647, 0.0945110405502, 0.784511781802, 12, Improved
0.119989871728, 0.0937397272202, 0.786270401051, 12, Improved
0.119484397776, 0.0933448356372, 0.787170766587, 12, Improved
0.119223817407, 0.0931412623492, 0.787634920244, 12, Improved
0.119089007182, 0.093035944512, 0.787875048306, 12, Improved
0.119019135992, 0.0929813590196, 0.787999504988, 12, Improved
0.356882164639, 0.404373479847, 0.238744355514, 12, Improved
0.281101093353, 0.332405021519, 0.386493885128, 12, Improved
0.130627311544, 0.154468180066, 0.71490450839, 12, Improved
0.108091484739, 0.127819326073, 0.764089189189, 12, Improved
0.098915288272, 0.116968376517, 0.784116335211, 12, Improved
0.0944868581194, 0.111731710937, 0.793781430944, 12, Improved
0.0921865847643, 0.10901161332, 0.798801801916, 12, Improved
0.387985206132, 0.382987743937, 0.229027049931, 12, Improved
0.279612047469, 0.327423115717, 0.392964836814, 12, Improved
0.372820066374, 0.288910104321, 0.338269829305, 12, Improved
0.242604338908, 0.374030871625, 0.383364789467, 12, Improved
0.0973652126874, 0.150111063682, 0.75252372363, 12, Improved
0.0672370008145, 0.10366143546, 0.829101563725, 12, Improved
0.05275137816, 0.0813284875342, 0.865920134306, 12, Improved
0.514090629376, 0.349429904062, 0.136479466562, 13, Improved
0.295691558445, 0.30620853089, 0.398099910665, 13, Improved
0.399483029605, 0.328159292665, 0.27235767773, 13, Improved
0.321954141972, 0.339167967123, 0.338877890905, 13, Improved
0.14521919777, 0.152983588883, 0.701797213347, 13, Improved
0.128957877025, 0.135852829, 0.735189293975, 13, Improved
0.123260490192, 0.1298508217, 0.746888688108, 13, Improved
0.427433653495, 0.396216198644, 0.176350147861, 14, Improved
0.344583832929, 0.269199341902, 0.386216825168, 14, Improved
0.164899158469, 0.128824224174, 0.706276617358, 14, Improved
0.141423414731, 0.11048426112, 0.748092324149, 14, Improved
0.132585152612, 0.103579542678, 0.76383530471, 14, Improved
0.128711921771, 0.100553657265, 0.770734420964, 14, Improved
0.126909618328, 0.09914564315, 0.773944738522, 14, Improved
0.122931981519, 0.0960381926286, 0.781029825853, 14, Improved
0.120977177646, 0.0945110405517, 0.784511781802, 14, Improved
0.119989871727, 0.0937397272217, 0.786270401051, 14, Improved
0.119484397775, 0.0933448356387, 0.787170766587, 14, Improved
0.119223817406, 0.0931412623506, 0.787634920244, 14, Improved
0.11908900718, 0.0930359445134, 0.787875048306, 14, Improved
0.119019135991, 0.092981359021, 0.787999504988, 14, Improved
0.35688216464, 0.404373479845, 0.238744355514, 14, Improved
0.281101093352, 0.332405021519, 0.386493885128, 14, Improved
0.130627311544, 0.154468180066, 0.71490450839, 14, Improved
0.108091484739, 0.127819326073, 0.764089189189, 14, Improved
0.0989152882719, 0.116968376517, 0.784116335211, 14, Improved
0.0944868581193, 0.111731710937, 0.793781430944, 14, Improved
0.0921865847641, 0.10901161332, 0.798801801916, 14, Improved
0.387985206132, 0.382987743937, 0.229027049931, 14, Improved
0.279612047469, 0.327423115717, 0.392964836814, 14, Improved
0.372820066374, 0.288910104321, 0.338269829305, 14, Improved
0.242604338908, 0.374030871625, 0.383364789467, 14, Improved
0.0973652126874, 0.150111063682, 0.75252372363, 14, Improved
0.0672370008145, 0.10366143546, 0.829101563725, 14, Improved
0.05275137816, 0.0813284875342, 0.865920134306, 14, Improved
0.514090629376, 0.349429904062, 0.136479466562, 15, Improved
0.295691558445, 0.30620853089, 0.398099910665, 15, Improved
0.399483029605, 0.328159292665, 0.27235767773, 15, Improved
0.321954141972, 0.339167967123, 0.338877890905, 15, Improved
0.14521919777, 0.152983588883, 0.701797213347, 15, Improved
0.128957877025, 0.135852829, 0.735189293975, 15, Improved
0.123260490192, 0.1298508217, 0.746888688108, 15, Improved
0.427433653495, 0.396216198644, 0.176350147861, 16, Improved
0.344583832929, 0.269199341902, 0.386216825168, 16, Improved
0.164899158469, 0.128824224174, 0.706276617358, 16, Improved
0.141423414731, 0.11048426112, 0.748092324149, 16, Improved
0.132585152612, 0.103579542678, 0.76383530471, 16, Improved
0.128711921771, 0.100553657265, 0.770734420964, 16, Improved
0.126909618328, 0.09914564315, 0.773944738522, 16, Improved
0.122931981519, 0.0960381926286, 0.781029825853, 16, Improved
0.120977177646, 0.0945110405517, 0.784511781802, 16, Improved
0.119989871727, 0.0937397272217, 0.786270401051, 16, Improved
0.119484397775, 0.0933448356387, 0.787170766587, 16, Improved
0.119223817406, 0.0931412623506, 0.787634920244, 16, Improved
0.11908900718, 0.0930359445134, 0.787875048306, 16, Improved
0.119019135991, 0.092981359021, 0.787999504988, 16, Improved
0.35688216464, 0.404373479845, 0.238744355514, 16, Improved
0.281101093352, 0.332405021519, 0.386493885128, 16, Improved
0.130627311544, 0.154468180066, 0.71490450839, 16, Improved
0.108091484739, 0.127819326073, 0.764089189189, 16, Improved
0.0989152882719, 0.116968376517, 0.784116335211, 16, Improved
0.0944868581193, 0.111731710937, 0.793781430944, 16, Improved
0.0921865847641, 0.10901161332, 0.798801801916, 16, Improved
0.387985206132, 0.382987743937, 0.229027049931, 16, Improved
0.279612047469, 0.327423115717, 0.392964836814, 16, Improved
0.372820066374, 0.288910104321, 0.338269829305, 16, Improved
0.242604338908, 0.374030871625, 0.383364789467, 16, Improved
0.0973652126874, 0.150111063682, 0.75252372363, 16, Improved
0.0672370008145, 0.10366143546, 0.829101563725, 16, Improved
0.05275137816, 0.0813284875342, 0.865920134306, 16, Improved
0.514090629376, 0.349429904062, 0.136479466562, 17, Improved
0.295691558445, 0.30620853089, 0.398099910665, 17, Improved
0.399483029605, 0.328159292665, 0.27235767773, 17, Improved
0.321954141972, 0.339167967123, 0.338877890905, 17, Improved
0.14521919777, 0.152983588883, 0.701797213347, 17, Improved
0.128957877025, 0.135852829, 0.735189293975, 17, Improved
0.123260490192, 0.1298508217, 0.746888688108, 17, Improved
0.427433653495, 0.396216198644, 0.176350147861, 18, Improved
0.344583832929, 0.269199341902, 0.386216825168, 18, Improved
0.164899158469, 0.128824224174, 0.706276617358, 18, Improved
0.141423414731, 0.11048426112, 0.748092324149, 18, Improved
0.132585152612, 0.103579542678, 0.76383530471, 18, Improved
0.128711921771, 0.100553657265, 0.770734420964, 18, Improved
0.126909618328, 0.09914564315, 0.773944738522, 18, Improved
0.122931981519, 0.0960381926286, 0.781029825853, 18, Improved
0.120977177646, 0.0945110405517, 0.784511781802, 18, Improved
0.119989871727, 0.0937397272217, 0.786270401051, 18, Improved
0.119484397775, 0.0933448356387, 0.787170766587, 18, Improved
0.119223817406, 0.0931412623506, 0.787634920244, 18, Improved
0.11908900718, 0.0930359445134, 0.787875048306, 18, Improved
0.119019135991, 0.092981359021, 0.787999504988, 18, Improved
0.35688216464, 0.404373479845, 0.238744355514, 18, Improved
0.281101093352, 0.332405021519, 0.386493885128, 18, Improved
0.130627311544, 0.154468180066, 0.71490450839, 18, Improved
0.108091484739, 0.127819326073, 0.764089189189, 18, Improved
0.0989152882719, 0.116968376517, 0.784116335211, 18, Improved
0.0944868581193, 0.111731710937, 0.793781430944, 18, Improved
0.0921865847641, 0.10901161332, 0.798801801916, 18, Improved
0.387985206132, 0.382987743937, 0.229027049931, 18, Improved
0.279612047469, 0.327423115717, 0.392964836814, 18, Improved
0.372820066374, 0.288910104321, 0.338269829305, 18, Improved
0.242604338908, 0.374030871625, 0.383364789467, 18, Improved
0.0973652126874, 0.150111063682, 0.75252372363, 18, Improved
0.0672370008145, 0.10366143546, 0.829101563725, 18, Improved
0.05275137816, 0.0813284875342, 0.865920134306, 18, Improved
0.514090629376, 0.349429904062, 0.136479466562, 19, Improved
0.295691558445, 0.30620853089, 0.398099910665, 19, Improved
0.399483029605, 0.328159292665, 0.27235767773, 19, Improved
0.321954141972, 0.339167967123, 0.338877890905, 19, Improved
0.14521919777, 0.152983588883, 0.701797213347, 19, Improved
0.128957877025, 0.135852829, 0.735189293975, 19, Improved
0.123260490192, 0.1298508217, 0.746888688108, 19, Improved
0.427433653495, 0.396216198644, 0.176350147861, 20, Improved
0.344583832929, 0.269199341902, 0.386216825168, 20, Improved
0.164899158469, 0.128824224174, 0.706276617358, 20, Improved
0.141423414731, 0.11048426112, 0.748092324149, 20, Improved
0.132585152612, 0.103579542678, 0.76383530471, 20, Improved
0.128711921771, 0.100553657265, 0.770734420964, 20, Improved
0.123794394788, 0.0967119360321, 0.77949366918, 20, Improved
0.121407120456, 0.0948469249154, 0.783745954629, 20, Improved
0.120208553319, 0.0939105679143, 0.785880878767, 20, Improved
0.119596754932, 0.0934326124582, 0.786970632609, 20, Improved
0.119281844757, 0.0931865950771, 0.787531560166, 20, Improved
0.119119055531, 0.0930594191967, 0.787821525272, 20, Improved
0.356851796399, 0.404349641109, 0.238798562492, 20, Improved
0.281112901996, 0.332414446459, 0.386472651545, 20, Improved
0.130628175029, 0.154467091998, 0.714904732973, 20, Improved
0.108092247442, 0.127818482698, 0.764089269861, 20, Improved
0.098916003086, 0.116967624674, 0.78411637224, 20, Improved
0.0944875485356, 0.111731001746, 0.793781449718, 20, Improved
0.0921872621882, 0.109010925907, 0.798801811905, 20, Improved
0.387984567631, 0.382988361355, 0.229027071014, 20, Improved
0.279612219845, 0.327422950504, 0.39296482965, 20, Improved
0.372820007332, 0.288910158296, 0.338269834372, 20, Improved
0.242604355924, 0.37403085444, 0.383364789636, 20, Improved
0.0973652195405, 0.150111056822, 0.752523723637, 20, Improved
0.0672370055478, 0.103661430724, 0.829101563728, 20, Improved
0.0527513818738, 0.0813284838187, 0.865920134308, 20, Improved
0.514090624562, 0.349429908595, 0.136479466843, 21, Improved
0.295691559752, 0.30620852956, 0.398099910688, 21, Improved
0.399483029119, 0.328159293154, 0.272357677727, 21, Improved
0.32195414212, 0.339167966964, 0.338877890916, 21, Improved
0.145219197839, 0.152983588814, 0.701797213346, 21, Improved
0.128957877087, 0.135852828939, 0.735189293974, 21, Improved
0.426086224884, 0.394633000305, 0.179280774811, 22, Improved
0.345251090112, 0.269881667375, 0.384867242513, 22, Improved
0.164835890876, 0.128851686054, 0.70631242307, 22, Improved
0.141379642605, 0.110516012178, 0.748104345217, 22, Improved
0.132547606592, 0.103612038016, 0.763840355393, 22, Improved
0.128676929496, 0.100586342172, 0.770736728332, 22, Improved
0.123761370422, 0.0967438654435, 0.779494764135, 22, Improved
0.121375030483, 0.0948784711837, 0.783746498334, 22, Improved
0.12017692739, 0.0939419178475, 0.785881154762, 22, Improved
0.119565364571, 0.0934638611578, 0.786970774271, 22, Improved
0.119250575308, 0.0932177914022, 0.78753163329, 22, Improved
0.119087848496, 0.0930905883765, 0.787821563128, 22, Improved
0.356879061817, 0.40432073204, 0.238800206142, 22, Improved
0.281104941521, 0.332422660418, 0.386472398061, 22, Improved
0.13062442074, 0.154470843604, 0.714904735656, 22, Improved
0.108089141417, 0.127821587759, 0.764089270825, 22, Improved
0.0989131609413, 0.116970466377, 0.784116372682, 22, Improved
0.0944848337241, 0.111733716333, 0.793781449943, 22, Improved
0.0921846135141, 0.109013574462, 0.798801812024, 22, Improved
0.334686169644, 0.379634908704, 0.285678921652, 0, Decreased
0.357633753191, 0.330561077003, 0.311805169806, 0, Decreased
0.329832733523, 0.407151152603, 0.263016113873, 0, Decreased
0.069366365405, 0.533378106157, 0.397255528438, 0, Decreased
0.419568847257, 0.358090007671, 0.222341145072, 0, Decreased
0.140282848682, 0.119727397992, 0.739989753326, 0, Decreased
0.110388906906, 0.0942137739231, 0.795397319171, 0, Decreased
0.0965619434413, 0.0824128561823, 0.821025200376, 0, Decreased
0.472465169819, 0.409929318483, 0.117605511698, 0, Decreased
0.356356376358, 0.273796011351, 0.369847612291, 0, Decreased
0.144629983657, 0.111122222792, 0.74424779355, 0, Decreased
0.104032793852, 0.0799305579918, 0.816036648157, 0, Decreased
0.0848305187637, 0.0651770508941, 0.849992430342, 0, Decreased
0.0736608460408, 0.0565951591629, 0.869743994796, 0, Decreased
0.0664261443066, 0.0510365874365, 0.882537268257, 0, Decreased
0.0972350450488, 0.0747077062853, 0.828057248666, 0, Decreased
0.121339200456, 0.0932274299249, 0.78543336962, 0, Decreased
0.135299462952, 0.103953389786, 0.760747147262, 0, Decreased
0.141906585346, 0.10902977926, 0.749063635394, 0, Decreased
0.144713897457, 0.111186695508, 0.744099407035, 0, Decreased
0.14584941076, 0.112059133983, 0.742091455257, 0, Decreased
0.146299342679, 0.112404826029, 0.741295831292, 0, Decreased
0.146476151625, 0.112540672017, 0.740983176358, 0, Decreased
0.293771636902, 0.375052827356, 0.331175535742, 0, Decreased
0.120680696337, 0.154070817884, 0.725248485779, 0, Decreased
0.0960566036777, 0.122633693217, 0.781309703106, 0, Decreased
0.0853206003018, 0.108927235837, 0.805752163861, 0, Decreased
0.0796953616454, 0.101745597456, 0.818559040898, 0, Decreased
0.0764824803662, 0.09764377122, 0.825873748414, 0, Decreased
0.0745590817167, 0.09518820366, 0.830252714623, 0, Decreased
0.396013331791, 0.368255170192, 0.235731498016, 0, Decreased
0.269121849389, 0.317701070762, 0.41317707985, 0, Decreased
0.40477271783, 0.248394978951, 0.346832303219, 0, Decreased
0.169220527919, 0.103844769222, 0.726934702859, 0, Decreased
0.133046943456, 0.0816462949788, 0.785306761565, 0, Decreased
0.117090335023, 0.0718542777764, 0.811055387201, 0, Decreased
0.108591376749, 0.0666387618377, 0.824769861413, 0, Decreased
0.411790479608, 0.384187967248, 0.204021553144, 0, Decreased
0.258034687383, 0.31699823905, 0.424967073567, 0, Decreased
0.308794696781, 0.311057361037, 0.380147942182, 0, Decreased
0.406673905979, 0.30204491708, 0.291281176941, 0, Decreased
0.148669873638, 0.110420115467, 0.740910010895, 0, Decreased
0.109946925704, 0.0816598005658, 0.80839327373, 0, Decreased
0.0918103448394, 0.0681893959422, 0.840000259218, 0, Decreased
0.457949188605, 0.431145734387, 0.110905077008, 1, Improved
0.313613099379, 0.27067080365, 0.415716096971, 1, Improved
0.337957063254, 0.351946264258, 0.310096672488, 1, Improved
0.134708583401, 0.140284633305, 0.725006783294, 1, Improved
0.108234941289, 0.112715156423, 0.779049902288, 1, Improved
0.0967543576598, 0.100759352094, 0.802486290246, 1, Improved
0.0907996304578, 0.0945581383264, 0.814642231216, 1, Improved
0.0874426413254, 0.0910621919098, 0.821495166765, 1, Improved
0.39669784279, 0.376938996134, 0.226363161076, 1, Improved
0.122187266925, 0.116101326418, 0.761711406656, 1, Improved
0.0815744066138, 0.0775113237897, 0.840914269596, 1, Improved
0.0618110639393, 0.0587323596906, 0.87945657637, 1, Improved
0.0499935340526, 0.0475034409223, 0.902503025025, 1, Improved
0.042100992883, 0.0400040138407, 0.917894993276, 1, Improved
0.0364459029295, 0.0346305943254, 0.928923502745, 1, Improved
0.408168672682, 0.409721356605, 0.182109970714, 1, Improved
0.285846699732, 0.295751721169, 0.418401579098, 1, Improved
0.398041790228, 0.323923621121, 0.278034588652, 1, Improved
0.152210198304, 0.123867593344, 0.723922208352, 1, Improved
0.359491605854, 0.426317732161, 0.214190661984, 1, Improved
0.317913108194, 0.32194374591, 0.360143145896, 1, Improved
0.352684615688, 0.329190068491, 0.318125315821, 1, Improved
0.278490217689, 0.371453640869, 0.350056141442, 1, Improved
0.107262130446, 0.143067534695, 0.749670334859, 1, Improved
0.0747368419231, 0.0996849091137, 0.825578248963, 1, Improved
0.0591816019213, 0.0789371407317, 0.861881257347, 1, Improved
0.48436669731, 0.387974737188, 0.127658565502, 1, Improved
0.293713024114, 0.309455693176, 0.396831282711, 1, Improved
0.339800145942, 0.377349656941, 0.282850197117, 1, Improved
0.339581805175, 0.280038657731, 0.380379537094, 1, Improved
0.29667064701, 0.34276164259, 0.3605677104, 1, Improved
0.132528533955, 0.153118275928, 0.714353190116, 1, Improved
0.110343116946, 0.127486114296, 0.762170768759, 1, Improved
0.398223163726, 0.396209524784, 0.20556731149, 1, Improved
0.258449747175, 0.354731755199, 0.386818497626, 1, Improved
0.11579129831, 0.158927802929, 0.725280898761, 1, Improved
0.0915371570616, 0.125638104681, 0.782824738257, 1, Improved
0.0809296057981, 0.111078851599, 0.807991542603, 1, Improved
0.075335088485, 0.103400171439, 0.821264740076, 1, Improved
0.0721120649863, 0.0989764535009, 0.828911481513, 1, Improved
0.0701629348367, 0.096301200897, 0.833535864266, 1, Improved
0.490888230042, 0.331699295384, 0.177412474574, 1, Improved
0.228953813078, 0.372475598531, 0.398570588391, 1, Improved
0.335228274515, 0.316857843199, 0.347913882286, 1, Improved
0.149024540746, 0.140858030644, 0.710117428609, 1, Improved
0.12695853925, 0.120001240888, 0.753040219862, 1, Improved
0.11841007737, 0.111921232726, 0.769668689905, 1, Improved
0.114547122057, 0.108269966464, 0.777182911479, 1, Improved
0.112688447818, 0.10651314714, 0.780798405042, 1, Improved
0.137438472963, 0.129906876675, 0.732654650362, 1, Improved
0.147512778803, 0.139429112903, 0.713058108293, 1, Improved
0.150767300518, 0.142505287586, 0.706727411896, 1, Improved
0.151728930181, 0.143414220168, 0.70485684965, 1, Improved
0.152005115539, 0.143675270633, 0.704319613828, 1, Improved
0.152083777825, 0.143749622244, 0.704166599932, 1, Improved
0.152106128574, 0.143770748177, 0.70412312325, 1, Improved
0.152112474885, 0.143776746712, 0.704110778403, 1, Improved
0.286162257609, 0.337596322614, 0.376241419777, 1, Improved
0.287836945638, 0.294872733268, 0.417290321094, 1, Improved
0.151198937873, 0.15489479288, 0.693906269247, 1, Improved
0.135176926634, 0.13848114509, 0.726341928276, 1, Improved
0.129927019829, 0.133102911363, 0.736970068809, 1, Improved
0.12797513765, 0.131103318046, 0.740921544304, 1, Improved
0.127217796857, 0.130327465074, 0.742454738069, 1, Improved
0.126919188758, 0.130021557901, 0.743059253341, 1, Improved
0.383874584287, 0.34786356574, 0.268261849973, 1, Improved
0.14810939492, 0.134215351433, 0.717675253647, 1, Improved
0.127860796084, 0.11586626014, 0.756272943775, 1, Improved
0.119789214301, 0.108551868056, 0.771658917643, 1, Improved
0.116091099987, 0.105200671379, 0.778708228634, 1, Improved
0.114295272814, 0.103573309554, 0.782131417631, 1, Improved
0.113399120992, 0.102761225136, 0.783839653873, 1, Improved
0.345394288009, 0.422133522664, 0.232472189328, 1, Improved
0.36785147207, 0.280790437959, 0.351358089971, 1, Improved
0.332632007086, 0.314647271534, 0.352720721379, 1, Improved
0.363419381828, 0.345526712278, 0.291053905893, 1, Improved
0.150596679764, 0.143182169804, 0.706221150432, 1, Improved
0.135476265232, 0.128806197077, 0.73571753769, 1, Improved
0.130116117988, 0.123709952498, 0.746173929515, 1, Improved
0.360038044847, 0.421076151183, 0.21888580397, 1, Improved
0.0568512773272, 0.436139264355, 0.507009458318, 1, Improved
0.436749416486, 0.293131040177, 0.270119543337, 1, Improved
0.287881082933, 0.357864647514, 0.354254269552, 1, Improved
0.102833398808, 0.127832081365, 0.769334519828, 1, Improved
0.0639153884751, 0.0794531468838, 0.856631464641, 1, Improved
0.0451979932759, 0.0561855741516, 0.898616432573, 1, Improved
0.0567764607488, 0.0705787539282, 0.872644785323, 2, Improved
0.0666884618524, 0.0829003512522, 0.850411186895, 2, Improved
0.0741468344525, 0.0921718457678, 0.83368131978, 2, Improved
0.0792159074782, 0.0984732046938, 0.822310887828, 2, Improved
0.0824210542929, 0.102457519062, 0.815121426645, 2, Improved
0.084354162761, 0.104860564005, 0.810785273234, 2, Improved
0.0854865674593, 0.106268255001, 0.80824517754, 2, Improved
0.413836383141, 0.354826742562, 0.231336874297, 3, Improved
0.308157415472, 0.295651178482, 0.396191406046, 3, Improved
0.148239962529, 0.142223803223, 0.709536234248, 3, Improved
0.125338670959, 0.12025193592, 0.754409393121, 3, Improved
0.116429647375, 0.111704475467, 0.771865877158, 3, Improved
0.112363611494, 0.107803455276, 0.779832933231, 3, Improved
0.110382201578, 0.105902458748, 0.783715339673, 3, Improved
0.423442601968, 0.37358570316, 0.202971694872, 3, Improved
0.247651934435, 0.27350965052, 0.478838415045, 3, Improved
0.126131662337, 0.139301261522, 0.734567076141, 3, Improved
0.0985562922437, 0.108846704992, 0.792597002765, 3, Improved
0.0860205529104, 0.0950020900005, 0.818977357089, 3, Improved
0.0791643143712, 0.0874299811414, 0.833405704487, 3, Improved
0.0750575255699, 0.0828943962595, 0.842048078171, 3, Improved
0.072466395776, 0.0800327226529, 0.847500881571, 3, Improved
0.397721989682, 0.338815047894, 0.263462962424, 3, Improved
0.267404827117, 0.32710348038, 0.405491692503, 3, Improved
0.266319756175, 0.373684167896, 0.359996075928, 3, Improved
0.105519575034, 0.148058841596, 0.74642158337, 3, Improved
0.0749286903499, 0.105135517196, 0.819935792454, 3, Improved
0.0603865780814, 0.0847308833056, 0.854882538613, 3, Improved
0.051872613326, 0.0727845903199, 0.875342796354, 3, Improved
0.374284451594, 0.414959464495, 0.210756083911, 3, Improved
0.344435348931, 0.324495638546, 0.331069012523, 3, Improved
0.289649724495, 0.372518211003, 0.337832064501, 3, Improved
0.290858251482, 0.353503552776, 0.355638195742, 3, Improved
0.134332077211, 0.163264635966, 0.702403286823, 3, Improved
0.118056849071, 0.14348403514, 0.738459115789, 3, Improved
0.112248505376, 0.136424685365, 0.751326809259, 3, Improved
0.0966421890759, 0.117457067188, 0.785900743736, 3, Improved
0.0893245581609, 0.108563358609, 0.80211208323, 3, Improved
0.0854541158257, 0.103859297062, 0.810686587112, 3, Improved
0.0832817156171, 0.101219003422, 0.815499280961, 3, Improved
0.082022404908, 0.0996884612848, 0.818289133807, 3, Improved
0.0812788495953, 0.0987847583869, 0.819936392018, 3, Improved
0.0808350718858, 0.0982453994512, 0.820919528663, 3, Improved
0.0805685144255, 0.0979214306151, 0.821510054959, 3, Improved
0.425623952909, 0.37149027896, 0.202885768131, 4, Improved
0.282146775956, 0.325687493205, 0.392165730839, 4, Improved
0.133909302733, 0.154574104121, 0.711516593146, 4, Improved
0.112346239629, 0.129683442356, 0.757970318015, 4, Improved
0.103809488486, 0.119829305018, 0.776361206495, 4, Improved
0.0998292714135, 0.11523486329, 0.784935865296, 4, Improved
0.0978419591744, 0.112940870247, 0.789217170579, 4, Improved
0.0814488758794, 0.0940180164017, 0.824533107719, 4, Improved
0.0725811518894, 0.0837818306897, 0.843637017421, 4, Improved
0.0671943342415, 0.0775637226495, 0.855241943109, 4, Improved
0.063697305363, 0.0735270344213, 0.862775660216, 4, Improved
0.0613301624248, 0.0707945954381, 0.867875242137, 4, Improved
0.0596826895118, 0.0688928855167, 0.871424424971, 4, Improved
0.0585139601378, 0.0675437985432, 0.873942241319, 4, Improved
0.0576736236052, 0.0665737817927, 0.875752594602, 4, Improved
0.320200465549, 0.480334720694, 0.199464813757, 4, Improved
0.256881130203, 0.307600389533, 0.435518480264, 4, Improved
0.133742810354, 0.160149328717, 0.706107860929, 4, Improved
0.114614786123, 0.137244619057, 0.748140594819, 4, Improved
0.10741436899, 0.128622533374, 0.763963097636, 4, Improved
0.104257154418, 0.12484195038, 0.770900895203, 4, Improved
0.102786807856, 0.123081294878, 0.774131897266, 4, Improved
0.402360968811, 0.378384088277, 0.219254942912, 4, Improved
0.259792306621, 0.300938761676, 0.439268931703, 4, Improved
